# Stone;1885759078;true
Stone IDS:
    179
    319
    320
    321
    335
    336
    337
    686
    687
    688
    728
    729
    730
    738
    770
    2172
    2173
    2174
    2275
    2276
    2277
    2278
    2382
    2383
    2494
    2735
    2738
    2743
    2747
    2779
    3169
    3170
    3171
    3172
    3173
    3174
    3204
    3614
    3615
    3684
    4731
    4733
    4734
    5204
    5533
    5586
    5587
    5588
    6397
    6398
    6399
    7057
    7103
    7104
    7106
    7107
    7130
    7131
    7132
    7149
    7150
    7151
    7152
    7153
    8721
    9573
    9574
    9575
    9576
    9577
    9578
    9579
    9580
    9581
    10630
    10729
    11438
    11439
    11440
    12569
    12685
    12686
    12687
    12688
    12689
    12690
    12691
    12692
    12693
    12694
    16448
    16549
    17030
    17068
    17417
    17446
    17447
    17448
    17449
    23884
    23885
    33166
    33169
    42651
    42748
    42759
    46236
    50058
    50680
    50681
    50682

# Wood;-2073474260;true
Wood IDS:
    799
    1629
    2238
    2734
    2764
    3123
    3948
    3949
    3950
    5118
    9541
    9542
    9543
    14108
    16400
    16825
    16826
    17069
    17070
    17071
    33174
    42349
    42799
    59923
    59924
    59926
    59927

# Grass;842242304;true
Grass IDS:
    324
    1245
    1253
    1257
    1258
    1259
    1260
    1262
    1263
    1265
    1272
    1273
    1274
    3547
    4735
    4736
    4737
    4738
    4739
    4740
    4812
    4813
    4814
    5534
    5535
    5536
    6817
    6818
    6819
    6835
    6836
    6837
    6838
    6839
    7049
    7050
    7051
    7052
    7056
    7129
    7517
    7518
    8719
    9275
    9276
    9277
    9280
    9281
    9282
    9283
    9284
    9288
    9484
    9485
    9486
    9502
    9503
    9504
    9505
    9506
    9507
    10629
    16418
    16433
    16434
    16438
    16823
    16824
    23911
    23912
    23913
    33153
    33160
    42732
    50674
    50675
    50676
    50677
    50678
    50679

# Dirt;1811939328;true
Dirt IDS:
    184
    185
    186
    314
    315
    316
    325
    326
    329
    330
    331
    1244
    1264
    1630
    2741
    3471
    3472
    3702
    3703
    3704
    4136
    4342
    4343
    4344
    7120
    7121
    7122
    7123
    7124
    7125
    7126
    7128
    7389
    7524
    10628
    16410
    16435
    16436
    16550
    16551
    17410
    42688

# Fabric;1013343999;true
Fabric IDS:
    916
    917
    918
    919
    920
    921
    928
    929
    930
    940
    941
    946
    950
    951
    952
    953
    976
    977
    978
    2508
    2509
    2510
    5243
    6251
    6252
    6253
    6812
    6813
    6814
    7098
    7099
    7172
    7173
    7174
    7435
    7436
    7437
    7447
    7480
    7481
    10756
    10757
    10758
    10759
    11475
    11476
    11477
    11478
    11479
    11480
    11481
    11482
    15687
    15688
    21786
    21787
    21789
    21790
    21791
    40304
    40305
    40306

# Crunchy;855622656;true
Crunchy IDS:
    652
    653
    654
    825
    826
    827
    828
    1246
    1247
    1248
    1249
    1250
    1251
    1252
    4137
    5203
    5205
    5537
    6809
    6810
    6811
    6815
    6816
    7105
    9555
    14064
    14065
    14066
    14082
    14083
    14084
    16442
    18021
    25121
    42770
    44838
    44839
    44842
    44845

